0	0	0	1	0	0	2012/9/7
0	1	0	0	0	0	2012/12/21
0	0	0	1	0	0	2013/1/8
0	1	0	0	0	0	2013/5/29
0	1	0	0	0	0	2013/7/19
0	1	0	0	0	0	2013/11/11
0	0	0	0	0	1	2012/1/9
0	1	0	1	0	1	2012/1/10
0	0	0	1	0	0	2012/1/10
0	0	1	0	0	0	2012/1/25
0	0	0	1	0	0	2012/1/27
0	0	0	0	1	0	2012/2/22
0	0	0	1	1	0	2012/3/29
0	0	0	1	0	0	2012/4/3
0	0	1	0	0	0	2012/5/31
0	0	0	0	0	1	2012/6/15
0	1	0	0	0	0	2012/6/27
0	1	0	0	0	0	2012/7/13
0	1	0	0	0	0	2012/7/31
0	0	0	1	0	0	2012/8/2
0	0	0	1	0	0	2012/8/10
0	1	0	0	0	0	2012/9/3
0	1	0	1	1	0	2012/9/18
0	1	0	1	0	0	2012/10/29
0	0	0	0	0	0	2012/12/19
0	0	0	0	0	0	2013/3/8
0	0	0	0	0	0	2013/4/29
0	0	0	0	0	0	2013/5/15
0	0	0	0	0	1	2013/5/23
0	0	0	0	0	0	2013/6/27
0	0	0	0	0	1	2013/7/22
0	1	0	1	0	0	2013/7/23
0	1	0	0	0	0	2013/7/24
1	1	0	0	0	0	2013/8/1
0	1	0	0	0	0	2013/10/29
0	1	0	1	0	0	2013/10/31
0	0	0	0	1	0	2013/11/4
0	1	0	0	1	0	2013/11/13
1	0	0	0	0	0	2014/1/2
0	0	0	1	0	0	2014/1/26
0	0	0	0	1	0	2014/6/25
0	1	0	1	1	0	2014/9/15
0	1	0	1	0	0	2014/9/22
0	0	0	1	0	0	2012/2/13
0	0	0	1	0	0	2012/3/12
0	0	0	1	0	0	2012/6/28
0	0	0	1	0	0	2012/9/11
0	0	0	1	0	0	2012/12/13
0	0	0	1	0	0	2013/2/27
0	0	0	0	0	0	2013/6/17
0	0	0	0	0	1	2014/2/18
0	0	0	1	0	0	2014/5/16