0	1	0	0	0	0	2012/1/9
0	0	0	0	0	1	2012/2/17
0	0	0	0	1	0	2012/3/28
0	0	0	1	0	0	2012/4/10
0	0	0	1	1	0	2012/5/1
0	0	0	0	1	0	2012/5/11
0	0	1	0	0	0	2012/5/24
0	1	0	1	0	0	2012/6/20
0	0	0	1	1	0	2012/6/23
0	0	0	1	1	0	2012/7/10
0	0	0	1	0	0	2012/8/19
0	1	0	0	0	0	2012/8/30
0	0	0	0	1	0	2012/9/24
0	0	0	0	1	0	2012/12/10
0	1	0	0	0	0	2013/1/7
0	1	0	0	0	0	2013/1/21
0	1	0	0	1	0	2013/2/5
0	0	0	0	1	0	2013/5/23
0	0	0	1	0	0	2013/5/30
0	0	0	0	0	1	2013/6/18
0	1	0	0	0	0	2013/6/18
0	0	0	1	1	0	2013/11/28
0	0	0	0	0	0	2013/12/22
0	1	0	0	0	0	2014/1/13
0	1	0	0	0	0	2014/2/24
0	0	0	0	1	0	2014/4/23
0	1	0	0	0	0	2014/5/7
0	1	0	0	0	0	2014/9/4