0	1	0	1	0	0	2012/1/11
0	0	0	0	0	0	2012/7/25
0	1	0	0	0	0	2012/8/28
0	1	0	0	0	0	2012/9/17
0	0	0	0	0	1	2012/9/23
0	1	0	1	0	0	2012/10/29
0	0	0	0	0	0	2013/1/30
0	0	0	0	0	0	2013/2/13
0	0	0	0	0	1	2013/2/25
0	0	0	0	0	0	2013/3/12
0	0	0	0	0	0	2013/10/7
0	1	0	1	0	0	2013/10/7
0	1	0	0	0	0	2013/10/7
0	1	0	0	0	0	2013/10/24
0	0	0	1	0	0	2013/10/30
0	1	0	1	0	0	2013/12/18
0	1	0	0	1	0	2014/2/13
0	1	0	0	0	0	2014/4/29
0	1	0	0	0	0	2014/5/28
0	0	0	1	0	0	2014/7/8
0	1	0	1	0	0	2014/8/8
1	1	0	0	0	0	2013/7/18