0	0	0	0	0	0	2012/1/3
0	1	0	1	0	0	2012/1/9
0	0	0	1	0	0	2012/1/11
0	0	0	0	0	0	2012/1/16
0	0	0	0	0	1	2012/1/17
0	0	0	0	0	1	2012/2/7
0	0	1	0	0	0	2012/3/7
0	0	0	0	1	0	2012/3/22
0	0	0	1	1	0	2012/3/23
0	0	0	1	1	0	2012/3/29
0	1	0	0	0	0	2012/4/16
0	1	0	1	0	0	2012/5/28
0	0	0	0	0	1	2012/6/7
0	1	0	1	0	0	2012/6/20
0	0	0	1	0	0	2012/7/10
0	0	0	1	0	0	2012/7/16
0	0	0	0	0	1	2012/7/17
0	1	0	0	0	0	2012/8/2
0	0	0	1	0	0	2012/8/14
0	1	0	0	0	0	2012/8/15
0	0	1	0	0	0	2012/8/23
0	0	0	1	0	0	2012/8/27
0	1	0	0	0	0	2012/8/29
0	1	0	0	0	0	2012/8/29
0	0	0	1	0	0	2012/8/30
0	0	0	1	1	0	2012/9/6
0	0	0	1	0	0	2012/9/13
0	0	1	0	0	0	2012/9/20
0	1	0	0	1	0	2012/10/4
0	0	0	0	1	0	2012/10/7
0	0	0	0	1	0	2012/10/25
0	1	0	1	0	0	2012/11/27
0	1	0	0	0	0	2012/12/6
0	0	1	0	0	0	2012/12/25
0	1	0	0	0	0	2013/1/4
0	0	0	1	1	0	2013/1/8
0	1	0	0	0	0	2013/1/16
0	1	0	0	0	0	2013/1/24
0	0	0	0	0	0	2013/2/4
0	0	0	0	0	0	2013/2/6
0	0	0	1	0	0	2013/2/6
0	1	0	0	0	0	2013/2/24
0	0	0	1	0	0	2013/3/5
1	1	0	0	0	0	2013/3/14
0	0	0	1	0	1	2013/3/17
0	0	0	0	1	0	2013/3/19
0	0	0	0	1	0	2013/3/25
0	0	0	1	0	0	2013/4/4
0	0	0	1	0	0	2013/4/5
0	0	0	0	0	1	2013/4/17
0	1	0	0	0	0	2013/4/25
0	0	0	0	0	1	2013/5/7
0	0	0	1	0	0	2013/5/10
0	1	0	0	0	0	2013/5/30
0	0	0	0	1	0	2013/6/12
0	1	0	0	0	0	2013/6/17
0	0	0	1	0	0	2013/6/20
0	1	0	0	0	0	2013/9/3
0	1	0	0	0	0	2013/9/4
0	0	0	1	0	0	2013/9/8
0	0	0	1	0	0	2013/9/13
0	1	0	0	0	0	2013/9/25
0	1	0	1	0	0	2013/10/7
0	0	1	0	0	0	2013/10/17
0	0	0	1	0	0	2013/10/22
0	0	0	1	0	0	2013/10/30
0	0	1	0	0	1	2013/11/4
0	0	0	0	1	0	2013/11/13
0	0	0	1	1	0	2013/11/20
0	1	0	0	0	0	2013/11/22
0	0	1	0	0	0	2013/12/9
0	0	1	0	0	0	2013/12/11
0	0	0	1	0	0	2014/1/26
0	0	0	1	0	0	2014/1/29
0	0	1	0	0	0	2014/1/30
0	1	0	0	0	0	2014/2/3
0	1	0	0	0	0	2014/2/20
0	1	0	0	0	0	2014/2/22
0	1	0	0	0	0	2014/3/10
0	0	0	1	0	0	2014/4/11
0	1	0	0	0	0	2014/4/16
0	1	0	0	1	0	2014/5/11
0	0	0	0	0	0	2014/5/29
0	0	0	0	1	0	2014/6/5
0	1	0	1	0	0	2014/6/5
0	0	0	1	0	0	2014/7/17
0	1	0	0	0	0	2014/7/30
0	0	0	1	0	0	2014/7/31
0	0	1	0	0	0	2014/8/1
0	0	0	0	0	1	2014/8/14
0	0	0	0	1	0	2014/8/17
0	0	0	0	0	1	2014/8/19
0	1	0	0	0	0	2014/8/28
0	1	0	0	0	0	2014/9/3
0	0	0	0	1	0	2014/9/5
0	0	0	1	0	0	2014/9/9
0	1	0	0	0	0	2014/10/7
1	0	0	0	0	0	2014/10/29
0	1	0	0	0	0	2014/10/31
0	0	0	0	1	0	2014/11/9
0	0	0	1	0	0	2014/11/13
0	0	0	0	1	0	2014/11/14
0	1	0	0	0	0	2014/12/1
0	1	0	0	0	0	2014/12/25
0	0	0	0	0	0	2013/3/15
0	0	0	1	0	0	2014/8/5