0	1	0	0	0	0	2012/1/6
0	1	0	0	1	0	2012/2/26
0	1	0	1	0	0	2012/4/4
0	1	0	0	0	0	2012/6/6
0	0	0	0	0	1	2012/6/13
0	1	0	1	0	0	2012/6/20
0	0	0	0	0	1	2012/8/20
0	1	0	0	0	0	2012/9/19
0	1	0	0	0	0	2012/10/26
0	1	0	1	0	0	2012/11/13
0	1	0	0	0	0	2013/1/7
0	0	0	1	0	0	2013/1/18
0	1	0	0	1	0	2013/2/4
0	1	0	0	0	0	2013/2/20
0	1	0	0	0	0	2013/3/22
0	0	0	1	0	0	2013/4/4
0	1	0	1	0	0	2013/4/8
1	0	0	0	0	0	2013/5/9
0	1	0	0	0	0	2013/7/5
0	1	0	0	0	0	2013/7/30
1	1	0	0	0	0	2013/8/20
0	1	0	1	0	0	2013/10/15
0	1	0	1	0	0	2013/10/22
0	0	0	1	0	0	2013/10/30
0	0	1	0	0	0	2013/12/12
0	1	0	0	0	0	2014/3/25
0	1	0	0	0	0	2014/5/6
0	1	0	1	0	0	2014/9/22
0	0	1	0	0	0	2012/11/10