0	0	0	0	0	0	2012/1/5
0	0	0	0	0	1	2012/1/11
0	0	1	0	0	0	2012/1/13
0	0	0	0	1	0	2012/1/26
0	0	0	1	0	0	2012/1/30
0	0	0	0	1	0	2012/1/31
0	0	0	1	0	0	2012/2/1
0	1	0	0	0	0	2012/2/9
0	0	0	1	0	0	2012/2/10
0	0	1	0	0	0	2012/2/10
0	0	1	0	0	0	2012/2/12
0	0	0	0	0	1	2012/2/13
0	0	0	1	0	0	2012/2/13
0	0	1	0	0	0	2012/2/18
0	0	0	1	0	0	2012/2/20
0	0	0	1	0	0	2012/2/27
0	1	0	0	0	0	2012/2/28
0	0	0	1	0	0	2012/3/5
0	1	0	0	0	0	2012/3/7
1	0	0	0	0	0	2012/3/7
0	0	0	1	0	0	2012/3/12
0	1	0	0	0	0	2012/3/15
0	1	0	0	0	0	2012/3/21
0	0	0	0	1	0	2012/4/25
0	0	0	1	0	0	2012/4/27
0	0	0	1	0	0	2012/5/9
0	0	1	0	0	0	2012/5/15
0	0	0	1	0	0	2012/5/15
0	0	0	1	0	0	2012/5/16
0	1	0	0	0	0	2012/5/16
0	0	0	0	0	0	2012/5/22
0	0	0	1	0	0	2012/5/25
0	0	0	1	0	0	2012/5/25
0	0	0	1	0	0	2012/6/11
0	0	0	0	0	0	2012/6/11
0	0	0	1	1	0	2012/6/12
0	0	0	1	0	0	2012/6/21
0	0	0	1	0	0	2012/6/25
0	0	0	1	0	0	2012/6/28
0	0	0	1	0	0	2012/6/29
0	0	0	1	0	0	2012/7/2
0	0	0	1	0	0	2012/7/5
0	0	0	0	0	1	2012/7/27
0	0	0	1	0	0	2012/7/28
0	1	0	0	0	0	2012/7/30
0	0	0	0	0	0	2012/8/6
0	0	0	1	0	0	2012/8/9
0	1	0	0	0	0	2012/8/20
0	0	0	1	0	0	2012/8/22
0	0	1	0	0	0	2012/8/27
0	1	0	0	0	0	2012/8/30
0	0	0	0	0	0	2012/8/31
0	0	0	1	0	0	2012/9/6
0	0	0	1	0	0	2012/9/6
0	0	0	1	0	0	2012/9/11
0	0	0	1	0	0	2012/9/11
0	0	0	1	0	0	2012/9/13
0	0	0	1	0	0	2012/9/14
0	0	0	0	1	0	2012/9/21
0	0	0	0	1	0	2012/9/24
0	0	0	0	1	0	2012/10/15
0	0	0	1	0	0	2012/10/24
0	0	0	1	0	0	2012/10/25
0	0	0	0	0	0	2012/10/29
0	1	0	0	0	0	2012/11/1
0	0	0	1	0	0	2012/11/8
1	0	0	1	0	0	2012/11/8
0	0	1	0	0	0	2012/11/10
0	1	0	1	0	1	2012/11/13
0	0	1	0	0	0	2012/11/25
0	0	0	0	1	0	2012/11/29
0	0	0	1	0	0	2012/12/6
0	0	0	0	0	0	2012/12/6
0	0	0	1	0	0	2012/12/13
0	0	0	1	0	0	2012/12/17
0	0	0	0	0	0	2012/12/31
0	1	0	0	0	0	2013/1/2
0	0	0	0	1	0	2013/1/10
0	0	0	0	0	0	2013/1/15
1	0	0	0	0	0	2013/1/24
0	0	0	0	1	0	2013/1/27
0	0	0	0	0	0	2013/1/28
0	0	0	1	0	0	2013/1/29
0	1	0	0	0	0	2013/1/29
0	0	0	0	0	1	2013/1/30
0	0	0	0	1	0	2013/2/1
0	0	0	1	0	0	2013/2/7
0	1	0	0	0	0	2013/2/11
0	0	0	0	0	1	2013/2/13
1	1	0	0	0	0	2013/2/21
0	0	0	1	0	0	2013/2/25
0	0	0	1	0	0	2013/2/27
0	0	0	1	0	0	2013/3/6
0	0	0	1	0	0	2013/3/11
0	0	0	1	0	0	2013/3/14
0	0	0	0	0	0	2013/3/15
0	0	0	1	0	0	2013/3/20
0	0	0	1	0	0	2013/3/20
0	1	0	0	0	1	2013/3/25
0	0	0	1	0	0	2013/4/10
0	0	0	1	0	0	2013/5/2
0	0	0	1	0	0	2013/5/3
0	0	0	1	1	0	2013/5/8
0	0	0	0	0	0	2013/5/28
1	0	0	0	0	0	2013/5/31
0	0	0	0	0	0	2013/6/5
0	0	0	0	0	0	2013/6/6
0	0	0	1	0	0	2013/6/7
0	0	0	0	0	0	2013/6/10
0	1	0	0	0	0	2013/6/10
0	1	0	0	0	0	2013/6/13
0	0	0	0	0	0	2013/6/17
0	0	0	0	0	0	2013/7/1
0	0	0	1	0	0	2013/7/9
0	0	0	0	0	1	2013/7/16
0	0	0	1	0	0	2013/7/17
1	1	0	0	0	0	2013/7/18
0	1	0	0	0	0	2013/7/25
0	0	0	1	0	0	2013/7/30
0	0	0	0	0	0	2013/8/3
1	0	0	1	0	0	2013/8/8
0	0	0	1	0	0	2013/8/8
0	0	0	1	0	0	2013/8/12
0	0	0	1	0	0	2013/8/15
0	0	0	1	0	0	2013/8/27
0	0	0	1	0	0	2013/8/29
0	0	0	0	0	0	2013/8/30
0	0	0	1	0	0	2013/9/5
1	1	0	1	1	0	2013/9/10
0	0	0	1	0	0	2013/9/11
0	0	0	1	0	0	2013/9/11
1	0	0	0	1	0	2013/9/11
0	0	0	1	0	0	2013/9/20
0	0	0	1	0	0	2013/9/25
0	0	1	0	0	0	2013/10/8
0	1	0	0	0	0	2013/10/8
0	1	0	0	0	0	2013/10/22
0	0	0	1	0	0	2013/10/22
0	0	0	1	0	0	2013/10/22
0	0	0	1	0	0	2013/10/23
0	0	0	1	0	0	2013/11/4
0	0	0	1	0	0	2013/11/4
0	0	0	0	0	1	2013/12/2
0	0	0	1	0	0	2013/12/5
0	0	0	1	0	0	2014/1/6
0	0	0	1	1	0	2014/1/17
0	0	0	1	0	0	2014/1/27
0	0	0	0	0	0	2014/1/28
0	0	0	0	0	1	2014/2/18
0	0	0	1	0	0	2014/3/3
0	1	0	0	0	0	2014/3/18
0	0	0	1	0	0	2014/3/29
0	1	0	0	0	0	2014/3/31
0	0	0	0	0	1	2014/4/2
0	0	0	1	0	0	2014/4/20
0	0	0	0	0	0	2014/4/29
0	0	0	0	0	1	2014/5/9
0	0	0	1	0	0	2014/5/16
0	0	0	1	0	0	2014/5/20
0	0	0	0	0	1	2014/6/11
0	1	0	1	0	0	2014/6/20
0	0	0	1	0	0	2014/7/15
0	0	0	1	0	0	2014/8/4
0	0	0	1	0	0	2014/8/5
0	0	0	1	0	0	2014/8/12
0	0	0	1	0	0	2014/8/29
0	0	0	0	0	0	2014/9/2
0	1	0	0	0	0	2014/9/3
0	0	0	1	0	0	2014/9/8
0	1	0	0	0	0	2014/9/9
0	1	0	0	0	0	2014/9/17
0	0	0	1	0	0	2014/9/18
0	0	0	1	0	0	2014/9/19
0	0	0	1	0	0	2014/10/7
0	0	0	1	0	0	2014/10/13
0	0	0	0	1	0	2014/10/13
0	0	0	1	0	0	2014/11/14