0	0	0	0	0	1	2012/1/5
0	1	0	0	0	0	2012/2/26
0	0	0	0	0	1	2012/3/21
0	0	0	1	0	0	2012/4/12
0	0	0	0	0	1	2012/6/22
0	1	0	0	0	0	2012/8/29
0	1	0	0	0	0	2012/8/30
1	0	0	0	0	0	2012/10/1
0	1	0	0	0	0	2013/1/21
0	1	0	1	1	0	2013/1/28
0	1	0	0	1	0	2013/2/26
0	0	0	0	1	0	2013/3/4
0	0	0	0	0	0	2013/3/8
0	0	0	0	0	0	2013/3/12
0	1	0	0	0	0	2013/6/27
0	0	0	1	0	0	2013/7/5
0	1	0	0	0	0	2013/9/3
0	1	0	0	0	0	2013/9/4
0	0	0	1	0	1	2013/10/31
0	0	0	0	0	1	2013/12/4
0	0	0	0	1	0	2014/1/8
0	0	0	1	0	0	2014/4/29
0	1	0	1	0	0	2014/8/29
0	0	0	1	0	0	2013/9/11