0	0	0	1	0	0	2012/1/3
0	0	0	0	0	1	2012/1/4
0	0	0	0	0	1	2012/1/6
0	0	0	0	0	1	2012/1/13
0	0	0	1	0	0	2012/1/16
0	0	0	0	0	1	2012/1/27
0	0	0	1	0	0	2012/2/20
0	1	0	0	0	0	2012/2/27
0	0	0	1	0	0	2012/3/6
0	0	0	1	0	0	2012/3/6
0	1	0	0	0	0	2012/3/8
0	1	0	0	0	0	2012/3/15
0	0	0	1	0	0	2012/3/23
0	0	0	0	1	0	2012/3/28
0	1	0	0	0	0	2012/4/11
0	0	0	0	1	0	2012/4/22
0	0	0	0	1	0	2012/4/29
0	0	1	0	0	0	2012/5/2
0	0	0	1	0	0	2012/5/2
0	1	0	0	0	0	2012/5/3
0	1	0	0	0	0	2012/5/15
0	1	0	0	0	0	2012/6/6
0	1	0	1	0	0	2012/6/20
1	0	0	0	0	0	2012/7/15
0	0	0	1	0	0	2012/8/1
0	0	0	0	0	1	2012/8/1
0	0	0	0	0	1	2012/8/9
0	1	0	0	0	0	2012/9/3
0	1	0	0	0	0	2012/9/24
1	0	0	0	0	0	2012/9/28
0	0	0	0	0	0	2012/10/23
0	1	0	0	0	0	2012/10/23
0	0	0	0	0	1	2012/10/25
0	1	0	0	0	0	2012/10/29
0	1	0	0	0	0	2012/10/30
0	0	0	1	0	0	2012/11/14
0	0	0	1	0	0	2012/12/5
0	1	0	0	0	0	2012/12/5
0	0	1	0	0	0	2012/12/21
0	0	0	0	1	0	2013/1/8
0	1	0	0	0	0	2013/1/10
0	0	0	0	1	0	2013/1/14
0	0	0	0	0	0	2013/1/17
0	0	0	0	1	0	2013/1/24
0	0	0	0	0	1	2013/1/29
0	0	0	1	1	0	2013/2/12
0	0	0	0	0	1	2013/2/12
0	1	0	0	0	0	2013/2/22
0	0	0	1	0	0	2013/2/24
0	0	0	0	0	0	2013/2/28
0	0	0	1	0	0	2013/4/4
0	0	0	0	1	0	2013/4/15
0	0	1	0	0	0	2013/4/22
0	1	0	0	0	0	2013/5/2
0	1	0	0	0	0	2013/5/7
0	1	0	0	0	0	2013/5/9
0	1	0	1	0	0	2013/5/10
0	1	0	0	0	0	2013/6/13
0	0	0	0	0	1	2013/6/30
0	1	0	1	0	0	2013/7/11
1	1	0	0	0	0	2013/7/17
1	1	0	0	0	0	2013/7/23
0	1	0	1	0	0	2013/8/21
0	0	0	0	0	1	2013/9/3
0	1	0	0	0	0	2013/9/16
0	0	0	0	0	1	2013/9/25
0	0	0	0	0	1	2013/10/22
0	1	0	0	0	0	2013/10/22
0	0	1	0	0	1	2013/11/4
0	0	0	0	0	1	2013/11/19
0	0	0	0	0	1	2014/1/20
0	1	0	0	0	0	2014/2/10
0	0	0	0	0	1	2014/2/20
0	0	0	1	0	0	2014/2/24
0	0	0	1	0	0	2014/2/24
0	0	0	1	0	0	2014/5/5
0	0	0	0	0	1	2014/7/31
0	1	0	0	0	0	2014/9/4
0	0	0	1	0	0	2014/10/10
0	1	0	0	0	0	2014/11/11
0	1	0	0	0	0	2014/11/18
0	0	0	1	0	0	2014/12/15
0	0	0	0	0	1	2014/12/18
0	1	0	1	0	1	2012/11/13