t1_a1 <- c(0,0,1,0,0,0,0,0,0,0,1,0,1,1,0,0,1,0,1,1,2,0,0,0,0,0,0,0,0,0,0,0,0,0,0,1,0,0,0,0,0,0,0,0,0,0,0,0,1,0,0,0,0,0,0,0,0,0,0,0,2,0,0,0,0,0,0,0,0,0,0,0,0,0,0,0,0,0,0,1,0,0,1,0,0,0,0,0,0,0,0,0,0,0,0,0,0,0,0,0,0,0,0,1,0)
t1_a2 <- c(0,2,3,0,0,0,1,0,0,0,2,0,2,2,1,0,0,2,2,0,1,1,0,0,0,0,0,0,1,0,0,1,0,3,1,1,1,1,1,0,0,3,0,1,2,0,0,0,0,0,0,3,1,0,1,1,0,0,4,1,3,1,1,1,1,0,0,0,0,0,0,0,1,1,0,1,2,1,1,0,0,2,1,0,1,0,0,0,0,1,2,0,0,1,0,1,0,0,0,0,1,0,3,1,0)
t1_a3 <- c(1,3,0,0,0,0,0,0,0,0,2,0,0,0,0,0,0,0,0,0,0,0,0,1,0,0,0,0,0,0,0,0,1,0,0,0,0,0,0,0,0,0,0,0,0,0,0,0,0,0,0,0,0,1,0,0,0,1,0,0,0,0,0,0,0,0,0,0,0,0,0,0,0,1,0,0,0,0,0,0,0,0,0,0,1,0,0,0,0,0,0,0,0,0,0,0,0,0,0,0,0,0,0,0,0)
t1_a4 <- c(1,5,2,0,0,3,3,1,0,2,3,1,1,3,5,1,3,1,3,6,6,2,0,2,0,0,0,2,0,0,0,1,0,1,1,2,2,1,1,0,0,2,2,1,3,0,0,0,0,1,0,0,2,0,0,2,0,1,1,0,1,1,0,0,0,0,0,0,0,0,0,0,0,1,0,1,0,0,2,0,0,0,0,0,3,1,2,1,0,1,0,1,0,1,0,0,1,1,0,0,0,0,1,0,0)
t1_a5 <- c(2,0,0,0,0,0,0,0,0,0,0,0,2,1,0,0,1,0,0,0,2,0,0,3,0,0,0,0,0,0,1,0,0,1,0,2,0,0,1,0,0,0,0,0,1,0,0,0,0,0,0,0,0,0,3,1,0,1,0,0,0,0,0,0,1,0,0,0,0,0,0,0,0,0,0,0,1,0,0,0,0,0,0,0,0,1,1,0,0,0,0,0,0,0,0,0,0,0,0,0,0,0,0,0,0)
t1_a6 <- c(1,1,0,0,0,0,1,0,0,0,1,0,1,1,1,0,0,0,1,0,0,1,1,0,0,0,0,1,0,0,0,0,0,0,0,1,1,1,0,0,0,0,4,0,0,0,0,0,0,2,0,1,1,0,1,1,0,0,0,1,0,0,2,0,0,0,0,0,0,0,0,0,0,0,0,0,0,0,0,0,0,0,0,0,2,0,0,0,0,0,0,0,0,0,0,0,0,0,0,0,1,0,1,0,0)
t2_a1 <- c(0,1,0,0,0,0,0,0,0,1,0,1,1,0,0,1,0,1,1,2,0,0,0,0,0,0,0,0,0,0,0,0,0,0,1,0,0,0,0,0,0,0,0,0,0,0,0,1,0,0,0,0,0,0,0,0,0,0,0,2,0,0,0,0,0,0,0,0,0,0,0,0,0,0,0,0,0,0,1,0,0,1,0,0,0,0,0,0,0,0,0,0,0,0,0,0,0,0,0,0,0,0,1,0,0)
t2_a2 <- c(2,3,0,0,0,1,0,0,0,2,0,2,2,1,0,0,2,2,0,1,2,0,0,0,0,0,0,1,0,0,1,0,3,1,1,1,1,1,0,0,3,1,1,2,0,0,0,0,0,0,3,1,0,1,1,0,0,4,1,3,1,1,1,1,0,0,0,0,0,0,0,1,1,0,1,2,1,1,0,0,2,1,0,2,0,0,0,0,1,2,0,0,1,0,1,0,0,0,0,1,0,3,1,0,2)
t2_a3 <- c(3,0,0,0,0,0,0,0,0,2,0,0,0,0,0,0,0,0,0,0,1,0,1,0,0,0,0,0,0,0,0,1,0,0,0,0,0,0,0,0,0,1,0,0,0,0,0,0,0,0,0,0,1,0,0,0,1,0,0,0,0,0,0,0,0,0,0,0,0,0,0,0,1,0,0,0,0,0,0,0,0,0,0,0,0,0,0,0,0,0,0,0,0,0,0,0,0,0,0,0,0,0,0,0,0)
t2_a4 <- c(5,2,0,0,3,3,1,0,2,3,1,1,3,5,1,3,1,3,6,6,3,0,2,0,0,0,2,0,0,0,1,0,1,1,2,2,1,1,0,0,2,3,1,3,0,0,0,0,1,0,0,2,0,0,2,0,1,1,0,1,1,0,0,0,0,0,0,0,0,0,0,0,1,0,1,0,0,2,0,0,0,0,0,3,1,2,1,0,1,0,1,0,1,0,0,1,1,0,0,0,0,1,0,0,1)
t2_a5 <- c(0,0,0,0,0,0,0,0,0,0,0,2,1,0,0,1,0,0,0,2,0,0,3,0,0,0,0,0,0,1,0,0,1,0,2,0,0,1,0,0,0,0,0,1,0,0,0,0,0,0,0,0,0,3,1,0,1,0,0,0,0,0,0,1,0,0,0,0,0,0,0,0,0,0,0,1,0,0,0,0,0,0,0,0,1,1,0,0,0,0,0,0,0,0,0,0,0,0,0,0,0,0,0,0,0)
t2_a6 <- c(1,0,0,0,0,1,0,0,0,1,0,1,1,1,0,0,0,1,0,0,0,1,0,0,0,0,1,0,0,0,0,0,0,0,1,1,1,0,0,0,0,0,0,0,0,0,0,0,2,0,1,1,0,1,1,0,0,0,1,0,0,2,1,0,0,0,0,0,0,0,0,0,0,0,0,0,0,0,0,0,0,0,0,0,0,0,0,0,0,0,0,0,0,0,0,0,0,0,0,1,0,1,0,0,0)
t3_a1 <- c(1,0,0,0,0,0,0,0,1,0,1,1,0,0,1,0,1,1,2,0,0,0,0,0,0,0,0,0,0,0,0,0,0,1,0,0,0,0,0,0,0,0,0,0,0,0,1,0,0,0,0,0,0,0,0,0,0,0,2,0,0,0,0,0,0,0,0,0,0,0,0,0,0,0,0,0,0,1,0,0,1,0,0,0,0,0,0,0,0,0,0,0,0,0,0,0,0,0,0,0,0,1,0,0,0)
t3_a2 <- c(3,0,0,0,1,0,0,0,2,0,2,2,1,0,0,2,2,0,1,2,0,0,0,0,0,0,1,0,0,1,0,3,1,1,1,1,1,0,0,3,1,1,2,0,0,0,0,0,0,3,1,0,1,1,0,0,4,1,3,1,1,1,0,0,0,0,0,0,0,0,1,1,0,1,2,1,1,0,0,2,1,0,2,0,0,0,0,1,2,0,0,1,0,1,0,0,0,0,1,0,3,1,0,2,2)
t3_a3 <- c(0,0,0,0,0,0,0,0,2,0,0,0,0,0,0,0,0,0,0,1,0,1,0,0,0,0,0,0,0,0,1,0,0,0,0,0,0,0,0,0,1,1,0,0,0,0,0,0,0,0,0,1,0,0,0,1,0,0,0,0,0,0,1,0,0,0,0,0,0,0,0,1,0,0,0,0,0,0,0,0,0,0,0,0,0,0,0,0,0,0,0,0,0,0,0,0,0,0,0,0,0,0,0,0,0)
t3_a4 <- c(2,0,0,3,3,1,0,2,3,1,1,3,5,1,3,1,3,6,6,3,2,2,0,0,0,2,0,0,0,1,0,1,1,2,2,1,1,0,0,2,3,1,3,0,0,0,0,1,0,0,2,0,0,2,0,1,1,0,1,1,0,0,0,0,0,0,0,0,0,0,0,1,0,1,0,0,2,0,0,0,0,0,3,0,2,1,0,1,0,1,0,1,0,0,1,1,0,0,0,0,1,0,0,1,0)
t3_a5 <- c(0,0,0,0,0,0,0,0,0,0,2,1,0,0,1,0,0,0,2,0,0,3,0,0,0,0,0,0,1,0,0,1,0,2,0,0,1,0,0,0,0,2,1,0,0,0,0,0,0,0,0,0,3,1,0,1,0,0,0,0,0,0,0,0,0,0,0,0,0,0,0,0,0,0,1,0,0,0,0,0,0,0,0,0,1,0,0,0,0,0,0,0,0,0,0,0,0,0,0,0,0,0,0,0,2)
t3_a6 <- c(0,0,0,0,1,0,0,0,1,0,1,1,1,0,0,0,1,0,0,0,0,0,0,0,0,1,0,0,0,0,0,0,0,1,1,1,0,0,0,0,0,1,0,0,0,0,0,2,0,1,1,0,1,1,0,0,0,1,0,0,2,1,2,0,0,0,0,0,0,0,0,0,0,0,0,0,0,0,0,0,0,0,0,0,0,0,0,0,0,0,0,0,0,0,0,0,0,0,1,0,1,0,0,0,0)
t4_a  <- c(0,0,0,0,0,0,0,0,0,2,1,0,0,1,0,0,0,2,0,0,0,0,0,0,0,0,0,1,0,0,1,0,2,0,0,1,0,0,0,0,2,0,0,0,0,0,0,0,0,0,0,3,1,0,1,0,0,0,0,0,0,0,0,0,0,0,0,0,0,0,0,0,0,1,0,0,0,0,0,0,0,0,0,0,0,0,0,0,0,0,0,0,0,0,0,0,0,0,0,0,0,0,0,2,0)
fit <- lm(t4_a  ~t1_a1+t1_a2+t1_a3+t1_a4+t1_a5+t1_a6+t2_a1+t2_a2+t2_a3+t2_a4+t2_a5+t2_a6+t3_a1+t3_a2+t3_a3+t3_a4+t3_a5+t3_a6+t4_a +)